9
7.800504408772324
7.323149729497266
7.415825258436807
7.268810696036254
7.27045099755303
7.21414567479757
6.5650746725489855
7.100622009964933
6.783804593518441
6.65606256309272
5.805009643786273
6.4599938765827325
6.724209377953253
6.159240432899937
6.456223175585212
6.611477432305687
6.400633852771971
6.2221096378057315
6.21630727623336
6.642002554362435
6.507422125430204
5.746845205341459
5.175329518863503
6.23552927841189
6.208621143302489
5.84773950495445
6.382787286083106
5.759703223673822
5.970384265764798
5.894389623623928
6.392431444996402
5.952449231011835
5.932769528083625
6.309199422794159
6.0806050845440724
5.885231916709001
5.4389119373331924
5.750100666220732
5.825981865296506
6.324965813754673
5.427767037205441
5.98516622976196
6.18046668655832
5.644720538447594
5.519949309399897
5.157202702871857
4.523498930594517
6.067307499454369
5.839307403588232
6.188854184789521
6.058319667575651
5.666542809116612
5.702473423091277
5.005350363320405
6.018718820426864
5.431950257880003
5.733879979876269
5.690646955173302
5.63181720061531
5.547724372615567
5.019435729631139
4.520752527457115
4.96390702362858
4.714010561435424
5.166971423526211
5.914434914801803
5.254639969874317
6.269699510699364
4.316607422798283
4.241228738541632
5.939194900806001
3.8020165473871312
5.763941045436847
4.361069896890711
5.114207733819225
5.3469485088717725
4.443057158965013
4.422958694848487
5.64919975387917
6.25055996942381
4.63938619865469
4.301099252513812
5.413959996882084
5.404371252138644
5.285499716919323
5.554091557150585
4.127368834609003
4.867748125112482
5.341095774180154
4.333037216177032
5.054531024741279
4.858603949332688
5.094819892018066
4.324677953502324
4.454425762996262
5.078256824213491
5.9974336940161415
5.43661841107721
5.8335212971102814
4.9274911629570814
5.045443925927239
5.39095966730558
4.379316700606763
5.494931454882519
5.495610368420702
4.919479902967884
4.98673568918652
4.790120884427972
4.966527348433288
5.5348238827789755
5.536021327135481
5.078851122853371
5.15501489242943
5.390949705442211
5.5169348155138955
5.13152408955864
5.36612931946192
5.5310180924637695
3.264577683685611
3.7592911925306054
5.0466122218628655
4.304467883028912
4.570388435897774
4.496767204247879
4.473514108671935
4.165941382316116
4.619329895152519
4.538263520525438
4.085994603867967
4.067392258329635
4.752953076947331
5.242076660728916
5.268272737701124
4.7210145213357535
5.184253804146915
5.484992988689234
5.72909180370389
3.8207142149209576
3.9833197873332673
3.993920192728838
3.7906514238884736
4.245104468763284
5.583505838254969
3.2173147596143776
3.765403755087621
4.235414323487086
5.7047362887308175
3.707421419010578
4.182757654984529
4.4963411654624785
4.37210484517952
4.966266216389639
4.042022789287998
3.8218143440149377
4.37493534495765
4.333903595274999
4.329415228792674
5.528679513219193
5.3817514188733035
5.607869607548003
6.07587698226622
3.4252187350159127
4.496407753712922
3.9140939505166457
4.290393627668797
4.9062576301396446
5.205392664325175
4.805955375268105
5.297839215634441
4.57858777795794
5.136431025521777
4.891431237785628
5.368756595266239
3.546662946501167
4.06776942914816
3.85234927419465
4.775400979151595
4.890499598595694
5.280794966025899
4.029830948020568
4.3246636512016305
4.553317009236786
4.4087890367802975
4.391093463641701
4.705882000449231
4.522680321248285
4.985297459998009
4.011366235914494
4.268731532467405
4.214130779824362
4.293256123542136
4.815164201450343
4.4548185874942545
5.180450725183789
4.854196257763115
5.228947514872321
5.41919302010177
5.806373446362341
4.745218024850183
4.173663636620829
4.612529526069067
4.6973435705795294
4.657027423716579
5.371319439455184
5.233408305967885
3.939980799343116
4.370215390816119
4.795601575908271
5.4176811397195515
5.392356316292668
3.6750120243746918
3.771758716723773
4.746472933337185
4.7292117287262725
4.871315179197394
4.297324703516324
4.563270297230798
4.84385731377177
4.623844111622418
4.524175245476577
4.967738541877432
4.557027916390173
5.499697096782786
4.515543660946104
4.566301085491788
4.798810744298125
4.283886685107109
4.514170545292863
4.416660706150496
5.177850459458043
5.516172102347027
4.203511718877608
4.646755611814655
5.011993509418175
5.1933416781103645
4.9287356820822135
5.193472403165616
3.1571210694557337
3.238684817218181
3.347255069300564
3.702637317806987
3.1407795018580495
4.697115366459296
3.636833351029698
4.147787783886283
3.5791398899292317
4.475261184828274
4.104773578146848
4.428443396919032
4.098519621434028
3.8387503088135606
3.3257949249976635
3.9545566240526853
4.133302658952031
4.584722517764786
4.228644187096493
3.7734303473027837
3.4904243727437487
3.9409952695187664
3.6884619390903057
3.8705667260430974
3.9136000562329274
3.981230512816902
4.10675034592905
4.6989846497773575
4.575363915524744
4.309850815621561
4.509821207856664
4.689452248874221
4.750072730074163
5.182700526129553
4.02661332981349
5.1427709020632255
4.835938762504641
3.5677474990458027
3.101152144497423
3.3949065802252725
3.9457840906101778
3.956503295034598
3.590116919555273
3.296022482628856
3.7417225999438584
3.3039650530531
3.7632371534661133
4.182525043765242
5.229025805535582
5.278645723209899
3.175559656602771
3.1591793140012787
3.644150122401889
3.720133870705739
3.842744284584216
4.203158432610145
4.302854319850975
5.536504824844286
3.482622481128377
3.473189728020465
4.076976856088728
3.7564861909373835
3.716342523377394
3.9727781048277557
4.1825978235387185
4.294878004210553
4.389249925177947
4.940243670884159
3.8855463476412186
3.995203172461055
3.4354639746814204
3.7589218463114435
3.878463798254371
4.110128178609105
4.089417494948158
4.3162535189922115
4.130862406729361
4.22277420214752
5.4542178326433755
4.7088497751478045
4.779072751691153
5.191731768398461
5.195392177119148
5.40822311796534
5.907516846565372
3.432590168360468
3.242693477860765
3.2433672821407904
3.599793046676092
3.8104022164390883
3.77950399033986
3.8566946522040486
4.167298185232653
4.2208711895838045
4.37503498755589
4.840596726827052
4.787392688273619
5.037712120834283
4.3574932715017285
4.537261105275422
4.834959338370749
5.172242616453936
3.983586865161114
4.559974103295005
4.110264552740264
4.830202901416754
4.296386990875839
4.837999125131966
5.144010890367804
3.674294342639078
3.217303490920454
3.533358055874042
3.1214042549514036
3.7214051093748353
3.531089342345905
3.670390333380152
4.425938438439373
4.087486930624855
3.6074621367399593
3.6233166283722387
3.6020160909455425
4.731793251243441
3.52533326487324
3.9615443886132082
3.513990160271015
4.303292766161723
4.182871742472574
3.626907363717809
4.221208498073058
3.9358511135783587
3.87334962917469
4.001362939714681
4.671278337263006
4.09616131839176
3.907980543283051
4.062421544641225
4.721795257799278
3.927707975737512
3.806261446804477
3.9783418420601047
4.213945860895375
4.2273015461320735
4.160264379414641
4.099353015494997
3.6564577398298916
4.291076760260627
4.222718469435634
4.50209007312584
4.453669929731497
3.9324696221640503
4.495446191592989
5.045966250704543
4.505760187877693
4.713002131737297
4.983136940514474
5.154394873728312
5.345817756381245
5.338899053799428
5.627359583125882
3.906436862721841
4.507632838325001
4.642397675760587
3.641177876755013
3.9633332080895625
4.407653590476073
4.500589440261775
4.530769020874303
3.50960825703463
4.148896436028839
4.489341308952293
5.002531471637711
4.884926843366138
4.01102433899928
3.6901181161561905
3.6323753962196386
3.8859693838336073
3.7689964289618727
4.2433953032633225
3.8140129219314085
4.731701689624686
4.947793403571777
3.624238392727888
3.5202478071323395
5.358941261651672
3.4974625854382038
3.480433526004366
3.548778163267744
3.6644588544799994
4.025652277414627
4.71899483180708
3.9692727947197737
4.054290499958272
4.242209328718072
4.725835827364635
3.745936599117077
4.010453741552838
3.814050052598081
4.548811874669764
4.4215071851326035
4.432353118966409
4.423081477108475
4.358652592682205
4.165604810452644
4.472643505717938
4.724701532462766
4.645405709906075
4.0885546621922675
4.262064429642526
5.460230438128403
5.217481822710011
3.74136925646891
4.058176302411716
3.828607820214351
3.950099478418127
4.473112238026121
3.8327801637621643
3.7300756419002075
4.216210220411795
4.438870901339116
4.481894987976408
4.333780234674229
4.281783399109954
4.469114114405326
4.908273196865002
5.403825255669437
4.4248925541822235
3.883725141428999
4.038859779383756
4.567337047990519
4.235427504723637
3.9761290900006503
4.854888578771818
4.959394275557567
5.161875756214965
3.580407316719881
4.820917835018959
5.018675994860874
5.164670363218506
3.0996869994485676
3.117544341440702
3.105908335532785
3.1074479247486733
3.076050142754188
3.216671725575845
3.4091438927448983
3.6824392641317174
3.07416976320314
3.1199564084851863
3.0851919981204365
4.623980406111362
3.21720000849004
3.1147342450068733
3.955452985252056
4.004457135229179
3.2315058965596926
3.3284210935987764
3.1324411082597274
4.29818817427736
3.2889214642926925
3.588610181980585
4.160251459879656
3.4190497309924726
3.4727881404335093
3.589478544479886
3.372472489189885
3.8173598999103056
3.256254460260239
3.2531787657503797
3.264522325566739
3.939304161061515
3.5501095219358643
3.983804177511362
4.511672748293493
4.092796516026061
4.123315447239116
3.3845629774749932
3.4845592836022177
3.632012438595603
3.4232309173352813
3.4894313870995615
3.5120673112856466
3.7089080196523363
3.614176433073449
3.673426311893389
3.7850180404555474
3.791667036688035
3.6470686631832967
3.532551912941547
3.8644002305361598
3.9235177794652727
3.6154602070186557
3.2989572702579073
4.046272227139277
4.597440268310998
4.073818924647814
4.472784818599362
3.237808147959394
3.347501469325
3.554323667976473
4.398883058551724
4.005819272453075
4.517921853199494
4.452182156137436
4.747199462445918
4.334549200249533
5.160931340414395
3.1168328410638493
3.2634687177021933
4.270433899822397
5.125174912206027
4.459002354547828
3.4513558053844626
3.060118718543455
3.1518749184953823
3.049522470498392
3.0756337224202164
3.129664247695691
3.329803875509207
3.020097027013484
3.775713387252699
3.5753398777287924
3.375574095816675
3.292820885165142
3.415667509344967
3.1877205141744778
3.274126179668388
3.1476049517655533
3.133605688859266
3.119808633227973
3.237885730597837
3.254848261006843
3.6556587603083894
3.805238329343466
4.136782957840915
4.4498486264650055
5.179820623094229
5.024394692075259
3.12370997246102
3.0761967541700876
3.145069872672511
3.1284790952731023
3.1398110143441373
3.2305850410478474
3.464902048849638
3.5264359742951608
3.7055042574723656
3.3692195342256945
3.6939255879630424
3.9307139126577577
4.133227127507549
4.001683389479179
4.09583303279566
4.421921460027635
5.509900731174635
3.398579767369144
3.4811667061956526
3.076633501532319
3.447646399388732
3.519209648436301
3.8007718598291116
3.605864989880615
3.567803269486315
3.658151844977206
3.659857386772224
3.8239866083597005
3.95123953936519
4.0000872176592575
4.0249610587745765
3.3266392155219005
3.895600804963189
3.8385436397689863
4.333379303249991
3.8785236507232663
4.852820890359184
3.794716517128396
3.6499369832928794
3.446782758041188
3.974781278837333
3.0502059513283166
3.0959390341673356
3.1611971507573053
3.1907660505128783
3.430913387265072
3.6150223656814378
3.685038599091474
4.048856523060437
3.853737070025863
3.7880165964797414
3.6172145558860853
3.93967957941148
3.866460463752812
4.018195277152188
3.201950251096012
4.114515770630411
4.725273610702439
5.419998307238637
4.12903053900451
4.686564081384425
3.228099440931522
4.552738560123941
4.846424330574459
4.937594734755441
3.046208372223893
4.902504033053579
5.316044333704557
5.37593622456691
5.096466553877319
5.816664243887062
3.0335470849564343
3.0476127616741286
3.06310047853688
3.2144122778884223
3.180168080303294
3.2348746777614497
3.498508332525371
3.498008472384586
3.795811417385328
3.767068973010894
3.4846192783484287
3.5841167580948303
3.7562002145800584
3.8535662840472353
3.886671801800129
4.118285619524128
3.7639844491868115
4.177482734861937
4.141926142643535
4.165222303966264
4.189802960742447
4.818216954729027
4.15992508026698
4.726499765889787
4.901456428278271
4.091581512906723
4.196315462413753
4.000408749369763
4.187437079382141
4.444182302632635
4.023479358122801
4.661013746721643
4.480633291106569
4.230934168353285
3.7888278891407214
3.961532225262433
3.7604496794270363
4.37827242464794
3.747194619265722
3.9397186661406365
4.5935222048016815
4.688056214339021
4.0287928349443565
4.1922175097499235
3.856370470894425
4.78056895022056
4.242425468506409
5.123372213377083
3.0615689662939243
3.4647332075846946
3.160284294445218
3.0198353570456273
3.389485585517596
3.028266140702811
3.061312352187992
3.110219051162474
3.349914379155529
3.687281899991294
3.2562563027782288
3.101232508836382
3.111441461663174
3.6247234280324485
4.316128720210371
3.1978818098988104
3.263465259535162
3.461613635232513
3.373581833388258
3.2550458191481746
3.2981988133966014
3.305703466905669
3.306967616382098
3.373543055318033
3.7202254084202573
4.36218919121628
3.4124199299775646
3.5197791783111683
3.932563997743599
3.380603490563767
3.324122041037199
3.3412727406186975
4.200985502086596
3.7145967004068416
3.610054817965178
4.001787686142124
3.271101038903655
3.528685329617102
3.593859542036299
4.153902450760141
3.578849243112068
3.501911390905167
3.566217547926823
3.8613315146094234
3.8482117910902653
3.5194285670138536
3.9232400881618386
4.199526557143125
3.657603332378701
3.679016722953519
3.0925468731758277
3.5118768221289844
3.694420221667016
3.771251068443055
3.340881244119455
3.9351889847204835
3.7821369996008927
3.812188229700324
3.4893284985264277
3.700327357483437
3.9501143492197457
3.4146093958846344
4.096776724326463
4.074800056489309
3.6065318360284637
3.6875525216384846
3.129112751617097
3.834249026026406
3.8536576574663832
3.894622927354084
3.0981661021733538
3.5119626094463636
4.225426687280019
4.278203171286908
4.004264167508957
4.122490340518263
3.9066566512722005
3.306070674341113
3.1436546076737697
4.275173238596966
3.6786565496179198
3.7347261843898387
4.283371505397687
4.453425905548046
4.268396833935252
4.557641483829962
4.230211869655084
3.602901189224326
4.435265584694606
3.9850551408565225
3.5196820546216663
4.497135378339203
4.76113194231346
5.039837420343062
4.955167643823586
5.210395434168347
5.330030365305879
5.291270729241943
4.44326930066505
5.258556800121349
3.1985789952956916
3.4398793546398316
3.146164540923891
3.4736831417520446
3.3958365847605094
4.508520543610454
3.5632309197763696
3.623040026422887
3.5536930364490553
3.9140656623036922
3.929193632851845
4.334848576234192
3.8734063633313505
4.4349299060603355
4.140798418259196
4.352792193905607
3.121758033465718
3.2200114284917554
3.438964253526432
3.649506512206773
4.06703356714433
4.326713192521432
4.884275135933583
3.937351946212006
4.372877564155611
4.717502152140016
3.9368257981221144
3.216712620787192
3.5844224243613034
3.3268116642540364
3.439616798124525
3.507057588761285
3.7793191940067614
3.8445186823404724
3.0587821425332407
3.4719183353324903
4.096573152729195
4.185303859870964
3.240228882784394
3.6134398541796324
4.375361075972224
4.642916542505716
4.827331008173111
4.917179092974221
3.255484504728031
3.445971646841806
3.252623802313031
3.4494556643007916
3.7611769025616004
4.612584869516926
3.2981025423583405
3.432970598728433
3.3490455016179816
3.4692683695934776
3.4188728442378435
3.534341129953795
3.508781932757253
3.6290095898651513
3.286051808098614
4.019436324842395
4.071658646127852
4.535000557879217
3.6181316756275534
3.43597489644425
3.219992706632998
3.6023485795097203
3.2011119325767328
4.091031543092359
3.8908572987796664
3.602775700497257
3.4305080251533377
3.522845913718277
3.7390126624932303
3.223780395509453
3.740949136132044
3.809616319781119
3.89454571428382
3.286327205595485
3.209705837439028
3.808003154498725
4.137069037665183
4.372378411661048
3.6893866522637184
3.751014750319849
4.113938586512956
4.041278066496929
3.257372571159503
3.8074336592675713
4.2664259346222515
4.364375035311117
4.688971814637637
4.723828167479482
3.5662615035114045
4.612555695724393
3.819379118486481
3.9947989014218512
3.9482874280652056
4.232970432270671
5.357176866251328
5.090008808856825
5.2137287848839176
3.859616514701664
3.462027405684153
3.585635500386319
4.026235521720498
3.133799000659992
3.270040002215005
3.439120428300271
3.069453672654934
3.9183238716151223
4.0439685559017455
3.0534976671841325
3.0555226755418663
3.279218058648458
3.4134675121560023
3.6032398430885726
3.159752473547924
4.1982486701005755
4.271276521840902
4.418477355689894
4.124695183456669
3.2359951492867696
4.061941013623742
4.036151950046956
4.127297302181567
3.8056367439791043
3.3802300723003724
3.957908441007939
4.404791860520405
4.814375650876477
4.372342913658421
5.111079368774763
4.006623932497801
4.254713301939709
3.265843454125757
3.5737747652908953
3.7729224701726904
4.024295232754791
4.245578082400874
4.3654071163139685
3.5331021743429583
4.0062218343828055
3.954268448197234
3.9285435157656785
3.6226767894881036
4.516515599788974
4.575344754686432
4.780898781267129
5.000775535545536
5.134647160420602
3.2448855558076164
3.0257694769565067
1.30660542963718
3.668767217616477
3.02003600051113
3.3554532481445523
3.115713008457034
3.177637760851467
3.024074817775682
3.081140514143926
3.0684256589977466
3.1054421947196795
3.056262126151394
3.057502094205109
3.1017117269486456
3.035031121318841
3.031861156712968
3.02891063662028
2.2607176130492492
3.018608561581733
3.018183607769453
3.4038268212775034
3.6576311505229016
3.141853661028936
3.036340197599999
3.0260391719089403
3.037188569994567
3.1084384875153552
2.9002001495246255
3.050838182401754
3.135699966799964
4.579518794740323
3.0845652606242293
3.1134119225580514
3.075382443760314
3.1007816285461223
3.078232225536526
3.8904444039126114
3.7721032632242353
3.0922263405443497
3.0270166258424878
3.0770008887181253
3.0834794050580814
3.2153422850026607
3.0822242791277397
3.0801563310444195
3.0577059516821423
3.6993429097022994
3.0214674687857874
3.2672164892772
3.035516323824864
3.1879069182358837
3.495184624465919
3.992409753342981
3.182138079537587
3.334076109313108
3.204537081799075
3.2156224607200508
3.533048587806006
3.25792292268808
3.053659527025468
3.186350337619879
3.640802136991811
3.6262836236162563
3.1518952451489572
3.125133642582989
3.1035118171428615
3.246676098638552
3.1738896516181243
3.243607593108803
3.168219978138402
3.8678482792946447
3.46446351799582
1.8606080107997398
3.521051689695228
3.649163195054044
3.3600117591115524
4.243923528688664
3.5732015482165917
4.0108717532657945
3.444766787410844
3.8010174109517356
3.2729947623700366
3.3276996545255164
3.1018689018623107
3.171427527691488
3.614158661940767
3.019694210162373
3.0341309075564546
3.059232866692226
3.0274968268629636
3.2212674182271956
3.2772567421594663
3.499854252412644
3.0950347546361168
3.4484431700058944
3.0663322886149906
3.0303149356331387
3.2969672738130518
2.3300123300796853
3.2488869449181617
3.290236715861936
2.4070824160369755
3.70556228164405
3.0445817754717237
3.48186943524524
3.234568946666432
3.3615822209090767
3.832544689508313
3.7232978439215265
3.7607555826862478
3.7132186913924703
3.0259560383961603
3.4849351980937975
3.044212003226398
3.293240359571558
3.035711362654022
2.7488602407417493
3.0496299037635444
4.474704007485543
3.389111443696955
3.8281160845094537
3.501256093160288
3.9390836000556178
3.0338306555622947
3.048022899319164
3.0620789124834116
3.281664500739519
3.0392475861362644
3.042664305601144
3.2422036449415854
4.246421119416276
3.281876430775431
3.240356700764971
3.031190467920345
4.493161806917966
3.8874357013171705
3.4561604020476575
3.3669990429248022
4.313754539236873
4.255669275980983
4.163073650389968
3.700993299483612
4.980477572485106
3.0285293559525073
3.0667177656737477
3.1296079671341257
3.1316979544099985
3.1275924760495446
3.6643251686034075
3.4652362235641294
4.992878433095486
3.13107509068117
3.970287202628733
3.0668553243035146
3.206138516793621
3.020410386368772
3.043910121649868
3.1024024579156673
3.102862093994622
3.0295082082101823
3.036633737391936
3.027324494091369
3.0515699782502703
3.066167929982019
3.1037619556761316
3.1172503272931973
3.1480062860043767
1.732115369422221
3.0192728452043305
2.744582132507238
3.098082644854867
3.018798414674308
3.1079872707674863
3.346250198847651
3.0183201025600703
3.017754529590474
3.019469284608675
3.0187391350518444
3.3070758756446024
3.0287418396875814
3.0185675012904896
3.100316926160438
3.264885022003851
3.043191197674229
3.0344824375462536
3.028472979106788
3.1030712120070096
3.049537143959903
3.0497544842358306
3.2236904797185337
3.166245639400572
3.0446565262178895
3.0319623832685725
3.094124287652494
3.0563578495949346
3.0221094422673773
3.135694222086254
3.1025585517212835
4.089249575834083
3.1492828774271286
4.431063593482995
4.465687362828593
5.031054158023354
3.133157344798815
3.0966761194351444
3.0759639814226407
3.0868233118782715
3.0364174706490266
3.0502130953335094
3.0228367274064385
3.1072555386318084
3.074368354548818
3.120390602679964
3.1082832308987745
3.120678442837148
3.2135581599720173
3.114169611853847
1.3924045493056043
3.214639743070407
3.2032439028967272
3.294929092566687
3.600430961385497
3.660031718530209
3.0714276471290445
3.2239794877191232
3.57980566132751
3.653702624547536
3.048707858820655
3.3571761588173046
3.3023010460302302
4.122773024317411
3.33019322557122
3.5315899023267923
4.027282556907212
3.7371957513413476
3.463442118382161
4.364980643294267
4.707813024829415
5.442362347863643
3.201701691381269
3.044628261666336
3.0186072722435515
3.3090937632168282
3.046290934660588
3.0759236003963184
3.1667224631975084
3.429446259066958
3.1864965288886915
3.356966645147733
3.684065691390417
3.7963114007321535
3.276081570894109
3.579176636060509
3.4592784714503475
3.475916083380107
3.4365297718964847
3.5594274587204016
3.5044037116031204
3.3783833809597987
3.4525384163260076
3.750829697850783
3.5947759105435666
3.943536683918584
3.587083760155059
3.2242288105607857
2.7971359110423686
3.4572161990202637
3.2783412611419678
2.881218444706923
3.5253134538219273
3.1330027244573584
3.449823939245197
3.6012480702216814
3.1275591761344486
4.272078542946901
3.716751745199985
3.8410269375027184
4.141065208159295
4.4815854738097105
3.0988355059034216
3.214327874722371
3.2113410530795785
3.02032929083071
3.0288700427096216
3.040313839079284
3.04070182886588
3.9453410529103015
3.0268083800380987
3.04055985338943
3.064795702270039
3.0869594589023372
3.0537990233526155
3.0812220292261054
2.6323183198999813
3.1620251401508415
3.2132841438700432
3.230058601220568
3.364383551132492
3.313005510219253
3.474128364004031
3.6170891341160822
3.714282504689921
4.030488681677147
3.4018846847151822
3.6428679159262205
3.562205418148355
3.571761143794818
3.3476118521535585
2.6142720528181305
2.4615165973165407
3.1228336976427458
3.236636102338722
3.7888293458922893
3.13975048906989
3.8348461371898375
3.170504847340486
3.137919891167383
3.788363497845208
3.5889805591578936
4.502166251344169
4.599210090673275
4.032732528653893
5.3130693160389955
3.0793857565986307
3.0957042284628655
3.021887887136064
3.3518964200579213
3.056296313708727
3.1000463459199183
3.169565571484704
4.457094083215403
3.491296917878785
3.5025200595013173
3.7322700710436774
4.930858451766585
2.5235204551299133
3.040217365305366
4.021701031101899
4.29139434538906
4.3546534169728
4.117567368150319
4.8104517214415345
5.339365310835292
3.910603915953972
4.848528849344447
5.346852835633964
3.034367282370507
3.024819126908228
3.018879422641935
3.0205103009902845
3.0353172912270745
3.039075958726454
3.055571300345392
3.08316593844999
3.138371757252059
3.1475764145703993
3.160857284189221
3.2026114528760776
3.219622855906134
3.099780269078565
3.434495809338079
3.4204885400791407
3.433504134924348
3.46473421476144
3.626100189266835
3.1170962641541324
3.67961580246341
3.1139281438067226
3.1956629586086565
3.4560575203533173
3.1601569656777833
3.694290509038161
3.742165214271635
3.2932371884588245
3.8068916790223843
3.2098724079922007
3.3701398855105222
3.974423438288468
4.052993012607626
3.316785142960282
3.338836643266681
2.0852965729002992
3.7212249004499376
2.8730219115354347
3.6207294491527486
3.612400982980086
3.611702250182663
3.8358674566823763
4.128715649946783
4.1992809784910134
4.545017513731546
4.103858849001228
3.555101620874769
3.8380961046125326
4.565158478132772
3.918155478006059
4.804353205795534
3.101708532374016
3.761359590367291
4.1323670124784515
3.470642007765891
3.388985467270264
3.5778102178610376
3.7760641233967753
3.1147582644934086
4.041408563329684
4.2304668852193625
3.114495531648562
3.6068246005358855
4.3880343116320075
4.542728038191455
4.069784137023522
3.962896499620089
3.1851061144254667
3.2343527628432236
3.0628661050863926
3.7093912394668256
3.621996576682348
3.637960656607483
3.210203963847737
3.3057073612907555
3.3451935953845986
3.36045663548837
3.4516825181757245
3.603753835475564
3.418014922801003
3.792356971152754
2.7244306084800813
3.6553362394714917
3.691289833018054
4.265200209388916
3.6762429462059916
3.952336644692723
4.0770489582978735
4.114986471649829
3.2560523879099934
3.704073895090234
3.338051053161807
4.359270557699552
3.0216583026434103
3.857638930317469
4.896798520547518
3.0839421351587792
3.057707945008829
3.033981887665895
3.0172824057139307
3.017467531966355
3.0251186419428784
3.133516333525837
2.2123413112570787
3.018957445407656
3.020701622162485
3.041705353421471
3.023040908863653
3.023273569728091
3.033013046407033
3.047730040039622
3.035138653915762
3.065520166801565
3.053663354024712
3.1470739063901423
3.0453978639390833
3.5327112856696368
3.0762165182563823
3.190163407371682
1.8751776952117365
3.0919075886491227
3.0881710303105554
3.09944897801074
3.1273343075602638
3.1349671052211785
3.23460115805714
3.2948873732165165
1.1102097090779515
1.8959440332407256
3.020415443061386
3.1217900648999954
3.2339633469057176
3.3356695265746494
3.2269765930523073
3.2527593667311976
3.244669512926091
3.2452133209609264
3.180693505402184
3.0495638619621572
3.1920728578842863
3.246259084238941
3.1415948051148095
3.2940521255631223
3.1080324468645
3.2028153375106294
3.2806200174785047
3.0263985820950587
3.2537735758095714
3.8450820946366533
3.0548834325462613
3.1606674524591307
3.0633734437254665
3.3002370877124325
3.451236232877123
3.628375025691144
1.1755458496358513
3.3673341065482516
3.0826086862799484
3.1753444146450724
3.196504144011463
2.1778097882644856
3.3032243980581386
3.466700965505364
3.0178581672837526
3.4409545264019488
3.4634704845953452
3.5452596146685784
3.405009805670775
3.3754828985151293
3.1679410603590803
3.058898345388877
3.4216412861535597
1.7622931415443446
3.5146314576037287
3.591375238442648
3.4692021476423593
3.274412528386709
3.408965001509778
3.5728506310249784
3.147701779436839
3.474314515297069
3.0217948676696813
3.5028359819621766
3.4513322894398413
3.743520337886811
3.021202602037725
3.5418310486182754
3.252915543521608
3.23118847659034
2.409368055819036
3.826150696514655
4.023073291893089
4.090257888093592
3.488781229758258
3.1424984535182166
3.6501283458172145
3.2741108449644556
3.024753159993617
2.226713437239531
3.030751876647821
3.441460523671304
3.0377164845222073
3.4931247632997264
3.7539391907122472
3.3535225785091773
3.125318532507788
3.102510938057678
3.0984588700281765
3.781095712426383
3.7269417869714796
3.118650581464197
3.2319790397540484
3.3173001825576365
3.0822462218205895
3.2168358735556013
3.115093187656695
3.2604122356002483
3.018362760183992
3.8920322599923183
3.1694620870906274
3.0509634853523324
3.49137058479251
3.9647910862922466
1.2001427512102287
3.9256792417075106
3.2976338171342205
3.3992457397020033
3.1160004327308073
3.0814877370004967
2.679772598879121
3.031057059114326
2.6257164156852184
2.6239942342927507
3.551633200850542
3.6575424857147367
3.4852516347211657
3.098016802743584
1.8678131247243657
3.0448891527412467
3.020885234674932
3.2192352319551487
3.1683526706236207
3.5910824425026284
3.8482920486035233
3.0534161774900745
2.8111701740391677
3.6658712050351294
3.292461246647613
4.038487079514789
3.063476536986029
3.027947880050844
3.019183236218946
3.2721235112016887
3.0604934391172867
3.115625743970341
3.1463726030034977
3.8604150458141526
3.2328852503171475
3.1358629276633696
3.3718845735774288
3.7037574545921848
3.910857267698938
4.240084520640141
3.943858023548369
4.022039684611618
4.007932713701015
4.080653669711237
3.60839113598318
4.3952537460858645
3.4001496539815177
3.132048525149544
3.0767702690331946
3.4696865184838503
3.3033157916140823
4.171867765003206
3.6123891854953065
3.2812247389684868
2.2584354411247514
3.298268819622902
2.411918665340324
3.7890966469142007
2.7655862555942807
4.053997024824039
4.266977339045892
4.928327415535176
4.3809149546784605
4.490534731207931
4.430332331647735
5.055068633386781
4.7192933898009475
5.22780032286077
3.656097818576809
4.488255259959304
3.023212793374828
3.098949220601046
3.0212204270023713
3.0316214028002886
3.0358634783765406
3.0661621856034427
3.0364335146734693
3.1991721105585853
3.1127978205239715
3.1302400373059265
3.13807344339231
3.218998796880819
3.1666915575204873
3.2822540545538157
3.3087311517606977
3.3611702596976296
3.5338272489180778
3.4607132324969014
3.5945954453711506
3.6051502232636117
3.0238144335347195
3.540576217903506
3.51214232676863
3.674653867079955
3.1265432833828695
3.914528321878548
3.6261230774842215
3.971471920774863
2.8665349126926056
3.388703080874315
3.5321312718451425
4.144511996015353
3.050290284886615
4.00944090002135
3.1297303055925014
4.021676462736882
3.0300529369600073
3.038334137817182
3.1661296705185196
3.218985719934064
3.0434206697046764
2.825347375290693
3.0711901424089576
3.5590545164401646
3.4093830117893607
4.050343964145288
4.022542891402612
4.31611794336759
3.9931136832471097
4.6201783361263535
3.056147706613541
3.533966454825826
3.038162574725801
3.0228442045731185
3.049984301738042
4.481928698497588
3.136974231719261
3.0890228281936127
3.0992287782498815
3.1609542306784437
3.2860802304115837
3.478978554025343
3.03908231839389
3.273046521430746
3.0231935896070494
3.269510288042102
3.382550026371242
3.4759221464290566
3.0555135726113574
3.4707508223361656
3.7208432956599284
3.7794626360050994
3.0193195338503207
3.04276557191586
3.0450777798517166
3.1266967142138866
3.0535224457505707
4.022241722860262
3.105372761636645
3.6584533005730306
3.099736151736794
3.1683309773098434
3.155934551843606
3.373557084419818
3.2100561227706375
4.351013031601326
3.880235845141682
4.543973040859759
3.355245242497975
3.579117723040068
3.317661015881098
3.0925555221657093
3.1787510788346767
3.117731755770033
3.2886462794654143
3.3082839103174697
3.1555252485313856
3.1117152797376284
3.247330258690139
3.220412841532146
3.062412197761995
3.3932768545209715
4.291778891683638
4.547435733198384
3.0478307027486227
3.118406204013302
3.0986204494259844
3.2684348529039355
3.1526970251343593
3.2079167887388804
3.353626745053668
1.6953897517475358
1.4934198636418063
3.3557766747595337
3.222126683775486
3.5070568263932516
3.2073006338681664
3.3794518314708295
3.562758526010913
3.607704683389169
3.226680129106267
3.036099929394803
2.5585276200695546
3.948361877470381
3.5077790814365373
4.064235370337908
3.8966818360453312
4.2370179328677064
3.5300081118492206
3.093279234862564
3.0326670565143132
3.266344504725064
3.169905229353448
3.2131206173583036
3.561467756244525
3.4917344080565167
1.8739044050072395
3.155354755856889
2.7916459973631644
3.9551210299706248
3.6933512221971565
3.426000509074836
3.1062996911530156
3.4918525967154572
3.0196909938774104
3.1286366231961242
3.336025417902536
3.3122164763672175
2.582683738864761
3.01806839938526
3.0927016950981296
2.980163804307141
3.3675274308238716
3.0205930118267372
3.4237176678611663
3.768133998152369
3.248773263602654
3.263391728625154
3.230085047293093
3.267706732839617
3.049824436467872
3.1012865569855337
3.3620624108706174
3.7758627669899156
3.386595180065275
3.881985408720687
4.311344597030962
3.969477450510385
3.159616522956631
2.9493166935300397
3.080398276048759
3.4559731848856017
3.5975628317451287
3.424775898119785
3.463171313797531
2.7079841278710206
0.6342522484315704
3.243382314734697
3.1121512080821674
3.6657012136564915
3.4137717672201724
3.9158654401500446
3.5473189800144866
3.34515753002185
3.390317563331073
4.239680232228579
3.753211051875344
3.1684727454013433
3.073357523143244
3.3546663004161843
2.8267372064428278
3.903930209441272
2.7853293827400583
3.075230937059508
3.4271876456133774
3.4565027285875547
3.2505964130957996
3.1981453752003026
3.3225231762809893
4.11422204443892
4.4420766522474855
5.124723532056106
3.0519004536485115
4.890182360447565
3.026664148595743
3.974493575491767
3.1336892787831028
3.138000598136506
3.0407027041759704
3.09407093357094
3.051865528989277
3.393349079370807
3.0470005506711315
3.974825513062046
3.113347808730227
3.042923038552426
3.169396258918429
3.239282792336008
3.023512528469579
3.2873732075511204
3.0173820349774028
3.018587395716286
3.9181756643184737
3.4772216587996003
3.6087393168211834
3.9097924736398864
3.0502372120193733
3.036609592955749
3.0278332992839023
3.054926512914348
3.1309833838127648
3.160119159661737
3.1621857623428196
3.3644862803748024
3.5138037343011903
3.5996172439190603
2.372862804169614
2.6400818309999607
2.8099292362307398
3.7506345706142756
3.6729785903121734
4.1233092549950126
3.5123822470294304
3.9270612757969294
3.5598754026162758
3.276324906567611
3.074592122693413
3.1555442111378085
3.218403547635762
3.9166138971452655
3.446986118150231
3.376218248284244
3.977223777372374
3.9901745571169243
3.021669922915686
3.131174450830461
3.026431023852336
3.2476696528837103
3.0409511882554217
3.5100184042523472
3.162843824059804
3.762919683438522
4.189917855896947
4.732156743024353
4.339125639801927
3.151130020631924
2.4536308295827043
3.3702540767066176
3.554063767096232
3.7756268713361845
4.117040419923167
3.177647875218746
3.116868285794191
3.1893311639697712
3.4976086445144796
2.0748892001913704
3.5424077813642887
3.6729319532215543
3.9799952736892408
3.417232066757778
3.5537259580244296
4.201569214926962
3.7980398793952617
4.259779331082927
3.038850408704111
3.1470354995781515
3.9243267957266497
3.500847205041811
3.888353417873718
3.666507113464047
3.0300643186463967
3.142041782670976
2.969166860709224
3.035673454307546
3.9445951977980522
4.050308076240983
0.45044561750102596
4.511761776183449
3.0944824746481676
4.469202541720368
0.20444507924543134
4.696986529528926
4.065662427072979
3.297577942607685
0.4540245092589221
1.5695223371117641
1.1316498543058215
0.35975882908172535
0.25199500050778945
0.4533240301373945
0.800506862243884
3.0431346308700373
3.0190119990388578
1.3125670294638259
3.0334175244177524
0.16585840848682198
0.7063052298464543
2.4286140250256016
2.431522196993275
3.1106272053962947
2.886240599279307
3.0100100366033034
3.020440107778885
1.51070502813056
3.0180813401903435
3.0191617170460825
3.0681222581383536
3.0305226992607217
0.7334751248831791
3.02539640637439
3.047383130950535
0.37990940443565746
0.6272032797502275
3.0463970955742896
3.029939248808178
0.6968364981307467
0.14269324963591573
3.0289135339991056
2.749787669850017
2.0120623943770948
0.8109059261826258
0.16398924393859413
3.0180698743627024
0.7166657116415538
0.14147114631386082
1.5069815738392522
3.0181755584855328
3.0701828357996566
1.2409760330727215
3.046725305720916
3.019989253542658
3.0226169953111603
3.020579399714211
0.5936498494024155
0.844003907132828
0.3459947570905186
0.43396804517022686
0.6995353591911904
3.0335982541844544
3.041874208114011
1.9572520049926856
2.8422751231626626
3.0277073222379127
1.7833602214235107
3.0536524317170772
3.0624690464583617
0.571844866121805
3.8078642286899758
0.830607111573432
0.2938786553226015
3.077238790471175
3.019173406453761
0.223247302109704
3.0573667371380706
3.070717449576001
1.7858219265930075
0.3599474185546835
2.1250524901886068
2.947106676514136
3.128020414148486
0.4506787346624011
3.112420819026723
1.9885023127637096
2.0774582882853525
1.7209683336998032
3.017448357907176
0.6955695694524064
3.0613736891535113
1.249674825701245
3.023235391408115
2.0929552025144904
3.0578387106420273
0.9985001442915405
3.0533334518368433
3.048113028340116
3.0177398259316734
0.3080137520303215
3.0473251462699333
3.109165835666944
3.1099456488876807
0.817858892206448
2.0531976367081772
1.0515738871983524
0.6269973324891647
0.22915680629643953
3.0350440231783815
0.611486974420036
3.17600132676431
0.5111088147254852
3.166507130441385
0.9749565788229019
3.812749204043
3.028305806650777
3.091084537090158
3.0193609830986503
3.192823090279016
0.08631911060271767
1.813172331208967
3.195325991113597
2.4183280599685113
3.1637650887612883
3.4668636396693366
1.9528223756521017
3.018208320541379
1.6411361416915122
0.08111244856747112
1.641332131571167
3.0181952452406478
3.4939128597554623
2.552803226807049
3.296410294858964
2.8949264204710223
3.0475988280830673
2.7203864756301797
1.619576001261455
3.098199324165209
0.4933373385331012
3.060527641417511
3.135793419010073
3.0176642835305985
0.9219784968894782
1.226992975816692
0.0532326184459072
3.2237873462582707
1.723499053044359
3.016443762517713
1.7599682353158943
3.7760096140985744
0.12336474562442803
1.237031992101508
1.5678084268506767
0.5795589347258817
2.0523301343965463
1.9526180670362348
1.8531073413312622
2.110058001125789
1.4673521143842525
2.0577996933180964
2.030601233141288
3.94840177740204
3.0571874726399995
3.2969202452264814
1.9110628024107374
3.5751002719132066
0.519000864608779
2.451078522953602
2.361778289267173
3.0685914938457963
1.522045807913321
0.840794614007892
3.218344107260113
3.293642584959896
0.7732963862770444
3.0429471194497544
3.04888572205883
3.035649929364261
0.1573802115303833
3.020616978830068
2.0775514488693503
1.056986308012915
0.40333580251432233
3.0199866867169494
1.4984111246810663
2.4253295705708373
1.9244910149732604
1.0932145520278893
2.549800381930477
3.058778971193568
2.2574561632206387
3.116214259351223
1.0754699905879548
1.8252823227962747
2.234588623873538
2.3312684038381235
2.376705914263468
0.8955714941431282
1.091016069750841
1.641320666448465
0.20962700640523937
2.1727363105101456
2.245364234611073
2.2863445385155234
1.7527088328025202
1.9255171833199376
1.618807876972535
2.5755059716014532
2.957976091806226
3.026641218311243
1.0572416128189714
1.5644690931681697
2.6830389911148607
3.031031243727244
1.7715731043301006
0.3748326518504887
1.1614978986371511
2.862832249933764
2.434576957976716
3.0492237959048687
2.050940477334236
3.285582181136657
2.4764951781935274
2.5005066521147605
2.490791057108694
2.5796945129305997
1.941283777685889
3.6208226293476087
3.462178756384967
3.632017067292972
0.8814302487530417
2.4344952814584824
2.0060391070657144
3.1238995215038594
1.582931412941686
1.9060400948342424
3.1159141796606833
3.132049073309394
2.140903042283515
2.935126434545742
2.585312618713388
2.0280495367954274
2.682644864982964
2.288445502778025
3.0777980659676403
3.1880760949335722
0.9249804227150494
1.7402858175831208
3.3340066622579965
3.4634149849017706
3.0446401445374014
3.1083783853572666
3.4455818093337234
3.6866290509684942
0.7159751718478012
0.8000011962561602
2.940208613286298
3.047165044343822
1.0174551679373167
0.0903302372023454
3.0619222123613747
3.2156861651650313
0.08583072841161657
3.018735204999941
0.7853515755579575
0.8554261161260227
3.02110997598406
3.082848247672972
3.123949367915437
3.2414725543598073
0.8867510085694347
3.185548305550234
0.6790574872068247
3.096900731019926
0.09370258947842916
1.459272569959933
4.254126794278383
3.887696884871131
3.038415369021599
3.7873695585575904
3.3735273278608937
3.0895086076781735
3.0458162137158467
3.095331224175762
0.32685926134562854
3.556337796267415
0.09952205067990025
3.7916176223026326
3.736113283413223
3.9417853131877587
3.22086519483922
3.1797758553945705
0.252712034212831
3.294596825786388
0.05217115349973216
0.26610008095236726
0.4241305875934114
0.3406580867989813
3.0234590726391786
3.1241291227868038
0.04849702824490369
3.128581420359249
0.0757218974643178
3.0356145782831625
0.45950610052625773
3.08202415837223
0.09776050121563204
0.4712316422794677
3.3058180598251945
0.07714425052072371
3.083452153222176
3.1204332670697923
3.115791423015109
3.171728097449786
0.12520347359796993
1.7188824155219373
3.022680389717474
3.062152030814111
0.15738014986207502
0.9051252595120028
1.9136261682906637
0.7682282081274919
3.0410893394142944
0.9572753288313363
1.1007204465198013
3.0849244437534984
0.7422078155366473
3.0207477556654636
2.4768492524965153
3.021914930194306
0.10132095596830605
0.23936112694436357
3.0183614356559114
3.043868842083017
1.543495034949805
3.018823401535672
3.0184910728863867
1.069564424940177
3.018363274535531
1.8316903124666073
3.0175580869174574
1.4064453635941983
0.4867828036327083
0.5354437118234474
3.0183138501917455
1.7487926713213744
2.062989837094585
2.559853498865622
3.018838279509649
3.019160518456156
0.194848355666973
3.0180500266868737
2.804328314080757
3.076448178942533
0.31628598027956906
3.018588431959672
0.1621417600791358
1.7684314716538956
0.29079595109150835
1.1330779202920624
0.6263112708903985
3.0187055396140097
0.17896874764230214
1.5239328040985805
1.117447817699178
3.0183665200379464
2.2090544967751846
3.0203310766139273
0.27551778378966496
1.0398611662504607
3.0281880824278677
1.767785575707297
2.174419358162316
3.018420028086749
3.020976437603075
3.034807835016407
3.025290799177553
3.024093732879108
3.020513245704383
3.0227455961957927
3.0265350364231227
3.037495524186145
3.0224738767721546
3.044173232168969
3.022467485737497
0.8659828496181567
3.042453402695336
3.0528804674847145
3.03861099451617
1.264385070441948
1.490938914849729
1.6370857308554392
1.9750875968337165
1.7713994409628264
1.952990185578774
3.025308052860419
2.6933231182696113
2.550982827343825
0.11986083026394247
2.789430561858846
3.054084586740587
3.0919407720156356
2.8661409385046968
3.095015694114833
3.072688259081244
3.316704426079219
0.5247024847159425
3.1238104595733356
3.095306217562293
3.5574980682992567
3.0695372466306337
3.113401034802556
3.0634186518466695
4.730391575452741
0.18830649355849086
3.0548188164368675
2.1580326853043554
3.0800701760916827
0.13922430791517604
3.053973191095129
3.046020040507781
3.0361668368650365
0.10675519794063229
3.0280552022604628
3.027941478065129
3.020628819720144
0.5873627793694731
3.0187124351376275
3.035736412699149
3.0397091335741684
3.022076373449837
3.065100267608596
3.1176324846962817
3.1160704614779795
0.17376943827529676
3.1060167009701396
3.084204432504274
3.086145036806377
1.0408093236375764
3.120385354145385
3.1059107802993706
0.9121020176876335
1.2130457667190357
1.2827428273572035
1.739074421733393
1.7737273866609544
0.1287438277976863
1.4065446154072097
0.5197284951274649
1.577818546715874
0.2314512645859828
3.2644304400841397
3.2299140692197996
3.5759226268352045
2.1649615095824477
2.4759464095305836
3.0473640749514233
2.441408227137818
0.351538308354499
3.1941912531684387
3.1235696469127046
3.624889904993555
0.06233207377921796
2.9254593029204132
1.8548455979215852
2.765002562815891
1.4706568547253323
2.8501820342676254
3.271944804641776
4.077685939874926
2.99869073501115
3.111916021906669
3.021223042027962
3.3755366343686637
0.5291886699063457
3.251727066372069
3.025842826047412
3.23073905964575
1.5430458341889406
3.1029830544899983
3.0178385722896177
4.309181496226731
3.0228023671638256
3.4600284204129235
3.3908822344813565
4.866713993979809
0.29806881587896783
3.088198199231724
3.0196209964245617
3.023555912619501
1.305591512639471
3.0174680964971707
3.0502452436255636
3.0408438407538676
0.12554188084053652
3.0444914040525597
1.9660806007098754
3.0499341866180263
0.3384146847262109
3.064025043151798
3.0674880160604143
3.1907029035831282
1.1551673610110258
1.0639333546397975
3.1580413673416903
3.229785798106381
1.1043623058168628
1.5322905347055897
3.1931307433188207
3.268868181958906
3.0363278298791943
3.231922121269586
3.549287835129731
1.6898394725045935
1.728523100882565
1.7667567176477732
1.5653583655064862
3.295874378709331
1.7151521022102172
3.036484179764631
3.0570220692777377
3.5188013343790123
1.9282562473320848
3.025003577551559
1.9664031940139897
1.9808887708587273
2.357579917545694
3.073191654697132
3.079858512554317
2.624041010062833
1.9844186393196426
3.021989616867049
2.0401874474730244
3.942407336699126
1.8050499303793355
2.978269832143406
2.608784496697988
2.634851610942619
2.043048954327801
2.617153100846221
2.1243884778137936
2.573805851338469
1.1804191956591596
3.234956888678175
2.4251867326090437
2.6808864767564566
2.9143353950076842
3.2321964249848985
2.5295828955144133
2.8659880586146613
1.7890212375598487
3.040973639728276
2.5310381893117526
3.521443484407404
1.0752166398399563
2.868856656333198
2.0225147739085503
4.064951968590831
3.0186857098667024
3.4662527266252052
3.400243550600282
3.739290942744666
2.6946727083338553
3.2738840190396084
2.384901633313869
3.1123990319785055
1.5504093381887287
3.0453855278380826
3.0223461995293137
3.0185416753663135
3.019687774867106
3.0192756317461815
2.2411491034245286
3.0180411684680375
2.7797635349461673
3.0177558281371915
2.289163275475671
3.0194231342294535
3.0197505185617493
3.03191506089192
3.0244244794417248
3.55694767052803
2.003088745530689
3.023983015713745
3.0176919957602983
3.0304014368635634
1.0501529289128189
3.0361904048637243
2.40544226835645
3.0549018258601826
0.6689252136994841
2.7044874974252844
3.064575326251374
3.0774045607250953
1.1048247945789624
1.8168393813667232
2.5140046677051724
3.1355815911723792
1.2902520291461117
3.1880733304825486
2.683840097763413
3.17176940911767
2.024869312223851
3.240198539695122
3.118912401013602
3.2738287869071416
1.6953578812761443
3.0476185446054
3.378830891259312
3.390295517420146
3.313356950963635
3.4296574964315316
3.3629663182346987
4.015638014908337
1.4377624834025233
3.086182320139828
2.1722723242347826
3.537912539374122
1.5190328724614293
3.423573759794326
2.5544824022036607
2.0294379152452833
1.237260111787883
3.0581228710690573
2.1456678942904763
2.2834211041750168
2.3327044716911467
2.4274692431036238
2.674598913899613
2.7123824921903825
3.020623289126704
3.023457926124134
2.884750438626184
3.618203583829131
0.20292290316930453
2.9143373378530506
2.33950599899202
2.9577223910068753
2.724391867223467
2.853189496398367
2.8979949166661974
2.6463417312597906
2.764639487816129
3.0619443255628624
3.3554825845927243
3.4529449155856837
0.3864382697505158
3.5809943295993087
3.0900679841541114
4.421602712998306
3.035586492838823
3.848019784570325
3.752661204913068
4.907740465111688
3.0439172165330874
3.0639487999913393
3.052523027879325
3.0255757983760145
0.2094368168826339
3.017797014463443
3.0188048643930627
3.019318914121777
2.184499871065079
3.0208662263694515
3.0277327234543203
3.093857913999777
0.5701216668613369
1.922363563007645
3.456499963066977
3.550070143669399
0.5981345412795676
1.7778068105458733
2.128953141000461
1.9632769278934845
0.14865547846780927
2.3019104885890127
2.8416953504777758
3.780386240964369
0.20552265806558231
2.4234066046209333
2.6327724755227577
2.7060456254901895
1.0016240227548365
2.7351283018635457
3.9247935029066188
2.909631894799037
3.0201715675487955
3.0435062993491857
3.022166196690062
4.090470052587037
0.12941855195353855
4.398777410807732
4.925297031587601
4.158605710946544
2.166844935018756
3.148472306000188
3.0443469228554676
4.2878046231233755
0.09910677035478795
3.019905839317075
3.0191133287791923
3.032359356772578
0.10765502528558263
3.0240716140297734
3.0184233691441595
3.0186950236773353
3.0198420903162244
3.0181292153758488
3.027910030367628
3.023971156721989
2.836097248276887
3.0369919213280547
3.024345090884917
3.0447777040290402
3.0422152732506205
3.047178912661678
3.0246922709295223
3.1030708175437383
2.906748408192402
3.0298812760743217
3.02985407286422
0.9589619313106017
0.5262787495477209
3.138861387626902
3.067397923707543
2.1707259790035605
2.376715740913862
3.0573920875863427
0.7304014364557254
3.2723391348294726
2.203349200944564
3.0874550159842746
0.7236550953832871
3.3232274692576333
0.8256697284016169
3.1419733114254877
3.0957463680420516
2.2486416785600545
2.0620559954381954
2.484844192717982
3.096395708450987
3.144147939667371
0.25554892046601835
2.188662921316442
3.067536358745272
2.720140760609432
1.1737745327758873
3.180560077775668
2.8622045148904394
2.7092671788930582
1.2653725287622297
1.5839630880576232
0.9638385895961704
3.268108907762459
2.468897663496564
3.206755562427221
1.0347569958883829
2.7900030279330856
1.7245722057142392
3.150592470093794
2.4564812997510446
2.5367449303788834
1.9034230763874322
3.206961752711517
2.133854228123255
2.147230860910892
1.0926409570807525
1.7333018479659743
1.527358521207734
2.923671361552578
1.3010503495233916
2.057571995925743
1.6335574164481326
3.136760040021068
1.7757229060680708
1.845854127443203
1.730172286838407
3.177134553624426
1.3278441411142903
2.823560598284778
2.939710079681671
3.4179720370035382
2.3062035603576754
2.680785409093301
2.5953234833026047
3.803150476638406
1.8560349832421326
3.287227751761604
2.0952140286902114
4.337412710901253
0.5205351002832314
2.9663839690548244
1.9794854139037092
3.074493915908265
1.835614374385667
3.7949340678570405
3.7297177798117946
4.513499646032653
3.019513299280831
3.8759060854686704
2.1805491665546533
3.0292248509308424
3.081966394500831
2.2911330764189177
3.3514893713531384
3.3899370019451274
1.645432058390164
3.481379598849969
3.4560156030670584
3.00157566119879
1.7798948719684755
1.984833152196346
2.177265073515598
2.5816802722921652
2.447520940581561
3.7152808040818837
2.409111201581283
2.5508419108609686
3.510327970102842
3.7348500499308472
2.6966378707916485
4.103547430527
1.3164873533360009
2.390515641848532
2.6289204783404987
3.2308674302314735
1.7362052317476981
3.1256661572071134
2.670662087545138
4.075928766009107
3.219036819468976
3.0643246896284704
3.01812903588094
3.018356492807325
3.0220584741001226
3.019359622482343
3.0212555539077957
3.0334098856134686
2.6183776262175047
3.0436469387348706
3.0569476775910673
3.0797889663847493
3.1576960647383134
3.115104011107584
3.1009635916007445
3.1560647947241613
2.8263838557809366
3.1854974734968944
2.715118032267503
3.291475716650222
2.65566121783731
3.274914995132138
1.4125376612104512
1.6437903709515918
2.0175868954826184
2.308427024218214
2.164122551134205
2.553580667953135
2.2621396794288886
2.326415843803099
1.6200645692905302
3.6181005550270955
2.6653671015986875
2.2496803802535568
1.9026385158180115
2.117996949006813
2.8214023398561903
3.604038677978509
1.9620493539986195
3.9926675375437726
2.25937192578942
2.4388968709348706
3.024419550135422
2.875256898075687
2.6704071960295677
3.955163673284754
2.7536422517865193
3.0900342680983317
1.3474948033490026
3.0468898784571
3.0386975774617593
3.53391630545701
2.1516694220581285
3.036547041974069
3.029232873484161
3.345412723774199
0.10999591188988761
3.020548722332699
2.0832628617992084
3.730870537433726
1.0283524649870377
3.0186741121374756
3.018601133176013
3.079998456012793
1.8628616067112005
3.0196388288330773
3.0174930766633166
3.0279613673834262
0.7381844193139355
0.8564748674254006
0.8423443258076637
1.1324416744115484
3.020196531605003
1.2470600143082757
1.466829778124065
3.019086711575069
0.18079755745368617
2.1037178662608826
2.0405177188842636
2.1686536846288655
1.483395448824855
2.8418090064047905
1.5973426191462727
3.029199525363116
1.5581354646546952
3.018195085502381
3.018703532126051
3.0193179716086047
0.8410776483422557
3.0264605400314615
1.2203513809755357
3.0366077672020344
1.0458024202353426
1.687026054325922
3.029848813906567
1.5832637102412759
1.2189561090777947
3.032818134469464
2.0813698717372526
1.9890210072875552
1.2749952115256997
2.877451469402672
3.0430786959839162
3.36148488012426
1.64441359874085
2.8668026615810396
3.0206417206199694
3.109506219098883
0.9775766648296724
0.8908991704658489
1.636801153288438
0.8372677602104688
3.020043584030219
3.0385807479313267
3.0744508785556737
3.083152359933144
2.282101104130437
1.8702395500296127
0.6923907819966791
2.44186367829457
1.1311754982513078
3.1715451370005807
3.1275261615561307
3.154653759718977
0.5833793017440323
0.9186292407869453
1.2723448457219417
1.4096478397581842
1.7498324785169155
3.0184172037524304
3.0439597723584417
3.025610156683546
2.817816477429718
3.1287523247881968
3.2085372930814393
3.2814552011237477
1.5287223687499485
2.1410407594274754
3.180675637563386
1.6981967904410578
3.0190100482374356
0.027213788158055086
0.5895097759168559
3.196515713947454
0.9208886502365422
3.1298990239142936
0.13725011852582364
3.01837593442321
1.0453293767914402
2.0391351490220213
2.075415425074912
3.1319165496777748
2.0983870118366776
3.1383414482131147
2.37128731198085
3.266830653626994
1.3991577999244396
2.0535211726733147
1.8466458332795048
2.298756258731644
1.484978886487916
3.029481068189025
1.4638995019900458
0.784472865176478
0.5503701503804138
3.0235348508619597
3.247992588900774
3.3219184271635767
0.927552419717126
0.09665454963556756
1.5842019833387977
3.0399070522061993
1.443594254021588
3.0249522270511853
2.24971528483429
3.2189612318602423
0.8360589658519751
3.2865614585558873
1.1091935886816986
3.6088488969737664
0.476952970347768
0.5273355226160659
0.20222786268316623
2.1695646611733377
0.6516540909750832
1.579281928872338
3.017650270614229
3.0728875462110206
2.100136455512771
3.0625315654576255
1.672793014753494
0.48119087441987013
0.32459009167456493
1.4311623384665073
3.0466585962037755
3.457014061379455
2.290540917151342
2.724450981930831
1.920342090003862
3.3915531965134966
0.9271096113424215
3.3444861561175347
3.0884225514583767
3.5354958604840703
2.0196664069179966
3.082248845626399
2.457171005414833
0.22502285170808944
1.541497849217778
3.1075666948449205
1.217108916760925
1.8688427186516676
1.8300496726321211
3.0288000262150376
1.3319393748625206
0.8440709851973224
1.7403703967659798
3.2343084179460266
1.879247153068955
3.538104260826456
2.0652255151158965
3.0739708307610125
0.9544475205815193
3.089490628632065
0.4295160305002244
3.0592165495075028
3.059396535444053
1.6257495522662522
0.7067296454719311
3.0230126637110057
3.3168980635087855
0.8500305385747539
0.29126720508528975
1.3378188403751734
2.290564350090441
3.1939892282454103
1.740645147869409
3.02023177475998
3.205340323043013
1.933417485703357
0.7985191220413976
1.5212075068548905
1.9121400699602602
1.507219463586779
2.23514490130298
1.508482246469641
3.021029948574847
2.7442426896274004
0.4894814947478164
1.6462817245045662
1.7685568434789825
3.0285086119083555
2.102030561451741
3.020171146919553
2.8761206491582856
3.6316968223509507
2.095539008977115
3.023750002276373
3.0257239412588777
3.090827828743115
3.0207567530698296
3.151258180941585
1.9031717911751067
0.304943059337675
1.8282114794365256
0.10013125844460562
0.7348552808760381
0.48918656192672433
0.8214725801024806
3.0171563880395396
2.1324953862182268
3.2130680427578096
2.609534177838823
3.0192415972936892
0.19003212253207347
3.0297259417386884
2.508740189649178
3.027722278118047
2.8588511293095147
3.0328497555377214
2.174295476313456
3.0542505869541183
2.034945394198553
3.0216112122351904
0.3411036267002165
3.0628195332999577
3.1373118683369063
3.546980777360594
3.0560727825208116
3.2144989198150866
0.41216426524470073
3.0742438840048774
2.3108786125823553
3.1565683219895786
0.30040444646130804
3.0602266907557545
0.9955648281750397
3.0616996935563194
2.3982176692130346
3.119999046739209
3.0197879755437236
3.100201079685676
3.0717474901022737
3.0291023108376534
1.8538351043069934
0.40013077487749826
2.67046514297905
3.174844952793959
0.2685433823183785
2.408584554003727
0.17977735771358375
2.9754745631833788
0.4498186839775673
1.9545062119799224
3.1376408194980216
3.919277708398333
0.6828585617224129
0.20803072498860187
3.1397942329117896
2.0973286917730687
3.213486034011851
3.0329199124348327
3.060294399731931
0.19392400524677353
1.164456240906213
3.0446970713783537
2.236591632146466
1.30396437456537
1.4760879320312228
1.7797283995441262
1.8362154851844128
2.069087710176681
1.602541538533644
1.9074659357588206
2.5903546080939353
2.586039036974493
2.1326449153095806
3.255268932607442
2.274963552156342
2.4982713275894275
2.600057951752082
3.1876862556163332
0.07544638871761919
2.8397420231141917
0.137746322192721
1.348680744658084
1.0403748072750305
0.09149015313052536
2.277994898308649
3.0187544182732253
3.0308767652177457
3.0307861268871283
3.0472068403584283
3.0615127980843226
3.1998145243597533
1.3692405923742834
2.2271547401120166
3.1665537791507097
2.071635542391314
2.377618740436777
0.882724274031661
2.769857279839134
2.441184157044371
2.5836936588401778
2.151085148837114
2.4450241842284144
3.1485581969335916
3.346998435967675
1.6468053919128787
3.0437837764134135
3.0260493462085125
3.0184885243423856
2.1015770026744334
3.0171989177838645
3.0188963118617163
3.0242409170580675
1.2135125775430575
3.053673192705346
2.969677028262833
3.103798388891812
1.2828524583246776
2.5493789214156912
3.205948537675368
3.2173326539920604
2.445578554950013
3.2095504872438494
1.2860855188459388
1.7534279254986826
3.162514920148689
2.011827944811029
3.6145944677256505
3.663585693178653
1.5181517595374214
2.6783590696336836
3.197855396944917
4.051648524255307
3.0571755292601166
3.462650462642796
2.6992152124554183
3.2839656076334998
2.354655605426035
3.5198436068850047
3.2570781419821584
3.877219234392409
3.183377424894486
3.5677450812796323
3.700935417257315
4.091602907053765
1.6662668018510274
3.128077062312101
3.0243082015052365
3.0214292913993526
2.5830259046247397
3.0283838757075703
3.063857192946021
3.09350397088795
3.0890897014522194
3.1000495387202203
3.0862698517207012
3.2916478167530863
3.116817808875
3.247617749259112
3.14986549232737
3.1825925700824365
0.48709005626482843
1.6092454574564101
1.878182846725939
3.0562020139355113
1.6592454098203095
1.9609517985751141
3.4653297470030324
2.1137398977021413
2.036660688685012
2.1592803705316266
2.898770253279899
3.226146181747602
3.1837093619991848
2.5854691228736684
4.135625354457969
4.099683858243402
0.8500820156651581
3.6773208401660016
3.3468747011341584
3.738621237261369
3.0347904255056792
4.213173001345905
4.745844108122882
4.809215219870132
1.5579053852567841
3.8620600627690536
4.157638215801024
4.475698434520579
3.0956063515529206
3.0715557996585536
3.0511778443806197
3.030339383786074
1.3523793206715786
3.0189754481443045
3.0204235723015604
3.020526229023202
3.0204007831234945
3.017726030197506
3.017481489569119
3.018425140509656
2.773474767173536
3.0335106030040335
3.022914769915925
3.053901325574076
0.999367217641393
0.667056095609703
3.0699219372400486
3.0580598946850754
0.2642916934392469
3.089539135119186
0.6120551071094451
3.0674241488393292
3.038036761134236
3.1011909392550074
3.0926502594194734
3.1395425993885047
3.018942860668579
1.0639767388496886
1.0871550406162105
3.2194619961661948
3.1568797218970195
1.655344977060692
2.1230336579960007
3.26069955872705
1.9282324098700208
3.2093805338828827
2.877847330279343
3.1517309157097255
2.414885555080858
3.098986622540314
2.0344046863898586
3.590780769279715
1.985740446190964
2.2819526115555075
1.3082866330353868
2.4727811734689715
3.0717300399911394
3.450891664449137
3.071793531511499
2.147753914065398
3.0518792494036155
2.788310292064512
3.0619816478262423
3.5037166911337088
3.0548757715463024
2.762049767628089
3.228410933175079
3.911841528719163
2.2289360813522245
2.3990417836108695
2.384212685448101
2.970746237449363
3.0275346592034453
3.476106861182656
3.0329330642551433
3.6264054369976293
2.14293303993232
3.0316107011827302
2.186338730926671
3.646525497513393
2.4348124021742286
3.0313871747306025
3.023306895125514
3.905463672055381
2.648038325009767
3.0180178376514024
2.769814032161013
3.025539691155526
3.027870876978323
3.147652880854743
2.5826939141705942
1.377659718236057
1.7933669573059297
3.0252794382539974
1.9639182389452696
2.6655462101783285
2.8059947472627482
2.5162997338060795
3.0207456796110574
3.1881755738668107
2.2492019408835713
3.0206313658849875
3.119131169444915
3.4151366559231757
3.0201199516785366
3.1141798585562603
3.957250649929722
3.969553760332062
0.6929242623848589
3.3853078282327584
3.021591790065735
4.373046559935626
3.0181397496489164
3.043975406778385
3.0347205748214723
3.0324711796832697
3.0176589817360053
3.0193395558102103
3.0186394237623437
3.0187205456729926
3.018084751873203
3.044902665755368
3.0417155709303736
3.074416010014569
1.022690358621191
3.085772160833361
3.0244521752047744
3.0649347826512714
3.018551178702132
3.09653322947952
3.0759880752400623
3.1160822637920904
3.0191052009619717
3.0196011826260314
3.017941621765447
3.299532192191267
3.018633610275938
1.6393906306988322
3.017460189915112
1.5377674581759537
0.7214208622452041
1.5818265408292989
3.01751088058739
3.0430208201513187
3.0253154490317553
3.0387133371850004
3.028471080823217
3.4743683445561806
1.8627444744420172
3.040213612511809
3.027432383703706
2.2648788823465718
3.0330601721007713
3.0496345236900235
3.0471138330145555
3.7688018149610634
2.3570498222745693
2.6842306961957503
3.042025402052013
2.580782538635904
2.9880306223627375
3.030512149024182
2.58800044543175
3.0448145715663593
2.582333423688144
3.030242715711129
3.053474811889326
3.1061943217952366
3.0517934038903
3.0861972669353612
3.0599227264641753
3.3472003107758597
0.5650753420107612
2.9247653979668446
3.066962905215666
3.1565712278854567
2.0187357218717734
2.801778613975299
3.1158263703553866
3.363337241272722
0.14528842981893683
3.1474021833226575
2.9821161863025814
3.081346321682275
3.067835168634254
3.2011231827899698
3.155357690933102
4.477737280017316
1.8385380085062855
3.2441119374016023
3.09252708037981
3.361888464614668
3.047668046325459
3.05646508554307
1.1161071577442279
3.0562584422658383
3.02637772303811
3.081572271847141
1.2130145080909571
3.097805806645846
3.083993150557339
3.1223207353442755
2.171414605492307
3.222318969872376
1.1261559796235872
1.6092874519624405
1.3996770306136488
1.2643166569333233
3.088644176115396
2.6678668188519477
2.808741204689634
2.4487596382778523
2.978521455615796
2.7014628928068114
3.1146148063627366
3.335114365410757
3.1130548936109532
3.3465877638911907
3.2768300558651773
4.313589596937554
3.023853716558683
3.0449397107193326
3.0198164505324594
3.020388304606811
3.040355575444089
3.0848272096425218
3.0713208490050534
3.124690170144368
3.106246760462168
3.123137986478902
3.1667127412047966
3.1945919755539816
3.091972554441256
3.2536654114144987
1.6294328492688916
1.4674294273932884
1.2213509834936722
1.3937980053094898
1.340988583677397
3.145948855075665
1.2055436097002734
1.9142345552251094
3.1251328650879886
3.3216045330541704
2.4538139636159224
3.207049033913787
1.4088498309966313
1.8292283189452776
0.9552927194749086
3.4456426533222304
2.120395726018494
2.283052745902744
2.031499057915007
3.0356288044328035
2.830015748060924
3.0356553095086363
1.3279640837870896
2.297293439736138
2.1340445144984876
3.544333611967962
1.249005581019045
3.0515444092499946
1.9872302351418023
3.645400277694795
0.714655034526289
2.3570999731425686
2.2777800981708514
4.215630107984609
0.594824308167528
3.125436203994432
1.9629827912556181
3.0291498243864696
1.2939799179609752
3.0173150928413444
0.44600517143373
3.045461494616476
1.251765679831239
1.2334939372627312
1.9403081508601951
3.1834389616473633
1.184996587676458
3.0170425260782867
3.0420050093611866
3.068506542750009
0.9587205535275825
1.326940365257782
1.8443616371073361
1.9685976503789424
1.5554950611129652
2.7877230506224926
2.040324773390679
3.909808155976051
1.283686135370331
3.0861665108658514
1.2422787367808368
2.281130723986654
1.3776468055125624
1.7511293896167204
0.08218002916401258
3.096324966717228
2.317806287026551
2.6384971186892177
1.712239714219433
2.406670402092497
1.2484944219390657
3.132816600135117
2.1813338253153685
2.0747724851821103
0.6372772558481595
1.2732931452210001
0.9118185218652075
2.427764415605115
0.37973308550097223
3.0280517527918844
1.7836179399394876
1.6895848421898032
1.6401530814219578
2.8415146275440506
0.646479373214037
2.4371048517199148
2.084372843348469
3.3561340975011333
3.2078063489298683
3.7606833874761625
3.245458829682292
1.2712599079889635
2.434223885875022
3.029878061844956
1.4723242518190487
1.6541769046560288
2.5165206441619707
3.0730917565412
1.627589241301521
1.7174257487113245
2.8034708587168473
3.0274184200291447
2.1002243550763358
0.3027274565798442
1.9433718476147357
3.5223270161181457
0.782947327259591
1.493765313041268
3.024359566309886
3.0515482234283717
1.9027828518109349
1.6845007177189677
3.0424419517097903
3.139293339389071
1.518090957116916
3.0751105690486904
2.9015975582494256
1.5072711436254431
2.9670358872360736
3.060460073636085
1.245804295440388
2.8766646822402553
2.379996936966995
3.5261907956980116
3.1481221359803198
0.7603297223074992
1.3218886858619288
3.136280635661702
2.541622527487487
1.9546287519036125
0.08587311641388364
0.5754097879652255
3.034868207284002
3.0995648684286996
1.5004955767346912
0.7901658887122829
3.0176592221132683
3.3187876842710695
1.923886460219016
3.366214944562489
3.360259461462388
3.5106833232601447
2.0860496184396427
0.08480456080787786
2.801481676461216
3.339487213940914
3.022506571918714
3.1296984877628193
2.974124112642599
3.5172591787819445
3.34689854167149
3.5615343432520006
3.124601906157867
3.075939665716836
1.7465217397749186
1.5936319011633864
3.1805879541528768
1.5695514063487828
1.9053058469622866
1.303257818950748
3.228830068359768
3.2652682074055366
2.5283115836710732
2.2427528086147763
3.024776456694288
1.6829044738040022
1.1397197272889528
3.0202692009593264
3.371451065355113
3.3619877256293758
2.472328057244165
3.0222716107174428
2.4768940711274596
1.0627682320637888
2.0336331004170964
3.2232596245928686
3.5920424553641532
3.818784875214523
2.0643511565006105
4.020983796888503
3.868408485934614
3.0422668424693713
2.623218610781877
3.033883630776195
3.0359824230875554
3.0258826690764757
3.020746465277837
3.0194006337298616
3.0212423541252775
0.5523170745145743
3.0730394145225
3.0740268177505503
3.1279164495706975
3.1300520003294596
0.07338320259229487
1.1362776872180655
2.246535330533293
3.0261374978561073
2.381189400888626
2.8910136446326593
3.0490163733491813
3.060663679441751
2.723453583806114
3.040235917616702
3.0201613137155388
3.572116953637108
2.679586120166784
3.0422344047669014
3.0184634988625785
3.0305404395908018
2.791098764085828
3.022207455132272
3.0219987806040574
3.1931835269858526
1.136835225089123
3.0186276986727822
2.2625691060402535
3.0212170616220946
2.6932180808582986
2.7877843735643077
2.782785695035379
2.7415940363454285
2.5416717209992266
3.0179648602094846
3.017895159943329
3.0147802801008545
0.905898313937834
3.028952553541091
3.02490566533531
3.8080286959976752
2.9328000730677575
3.027400034621609
3.018547934821447
3.0186919118371502
2.4671818081265693
3.0172879447258643
3.0441503772668566
3.0486118240849645
0.8362928312966121
3.113371836139795
3.0221739022792162
1.4293944697689298
0.9554151208127358
2.9694243586197224
1.963001259275297
3.242284606167157
2.7824305988663425
3.101135891480041
1.330651052206544
3.568023762356206
1.1877539708369536
2.3191758343875026
0.8779933212614317
2.4533999849229047
2.526978049664962
2.802785501511185
1.2724827948564217
3.341341960356325
1.2762420360608804
3.4283566081254695
3.28010594929853
1.2178992172141798
3.3187791003495204
2.100134637214588
2.902529098367631
3.5421014506962303
2.5175222548501157
3.017704803375599
3.0328309043249204
3.032162709871023
2.269242561693736
3.024314967248119
2.6288549504084213
3.121484158626399
3.0596022231578526
3.108004534346534
3.264356764106195
1.7318180518135842
3.05853363312306
3.417683956559025
1.5368620133686755
3.048443191503338
2.117214402437577
3.036075373934187
2.3886787815929407
3.042962490918258
2.9889102865458
1.9697746601180655
3.026514502733637
2.3356825503598033
2.487030023501195
2.611818372444265
2.9247060322063168
3.055759012222005
2.808311443266095
3.0078718605371435
3.0312687101645177
3.489897338878951
1.918818612559643
3.057498798827514
3.0502041514501594
3.3670293444105055
3.017884066854345
3.0592031455394095
0.7600733886264551
4.202762195190893
2.3335021117899744
3.4724482634899427
0.8521141218288414
3.041939707646071
0.7579469850071816
0.957548107125683
0.8751017779708544
3.0445286319128524
1.9711152243287502
3.318205791312559
3.0940862666019333
3.0567544848011567
1.1703206939454454
3.298300093704674
3.0395726606952644
0.10231454452019138
0.48716465797878394
3.1040986152063037
1.6605371074344657
3.1615256063250428
1.289848842039874
1.5990400065718067
0.9705190769173002
1.8423765211948928
1.5880307642563873
3.357758688569486
2.28468614598641
2.476015238143035
3.2983865936875323
3.425382072738428
2.64698116849682
2.958252039444674
2.034954955145317
3.3007179330329888
1.9681169490573314
3.4400326110504493
3.1892726272788847
3.5450952417773296
3.3257297859468027
4.1780720955706325
1.9760047408051205
3.017742925668251
3.0611537217626417
3.0711131128458495
3.0638515285204555
0.9220378034127736
2.1233111429267777
3.1078292743904994
0.2733742016424301
3.8025329564344332
0.26883379984474093
3.0416770264575232
3.008409513265469
3.02370484023816
3.057989997765148
1.1026703565744207
1.6856916396950399
1.8052566177940939
1.9262351259115267
3.019884060693243
2.21392397341239
2.815798275567257
3.9719404522400463
4.015008637741235
